100056079680115
100059048000647
100036499251623
100040863882597
100035654887937
100046636090656
100024058812342
100024333600011
100046691829574
100010991299050
100014192836812
100052884469843
100057032618278
100026962890020
100036106665408
100012250959623
100045550551171
100011345069301
100028568924773
100015978905128
100050229590879
100017498959235
100035562914719
100049961504243
100040622870167
100046260192005
100053329411516
100025245994508
100030018319195
100024161022862
100025973972005
100039475450521
100034398375578
