100014625426580
100023175132399
100001207828733
100002247147807
100006316513339
100001277577743
100018316898773
100001155495760
100007178477295
100008351357400
100004300842148
100007541190479
100033627907185
100021857980102
100000491358651
100011207288862
100045695012611
100007919957106
100000479353441
100043167272196
1342275314
100000402616089
100010538239069
100011349132132
100001002425360
100004603878857
100010113799386
559517283
100013598854578
100006484967124
100005525387173
100004957092469
100000195553294
100024419541674
1138395726
100021939823172
100021948690261
100042910032431
100015647043196
100035905519855
100001223843358
100002135729168
100033344145507
100035754810222
100001455047803
1684908404
100004698397592
100003653311918
100002355783625
100003069280160
100013803992712
100006804938401
100003322042371
100014471688288
100021333100497
100000504931994
100014430270368
100001742662362
100000473361100
100013331673617
100007142671084
100004734335005
100005932848548
726855660
100002944828193
100005963799718
100022312440968
100003910977989
100000226250240
100011133244372
100022387081305
100004107445048
100038515627732
100000558759288
100054248954267
100023265549045
100006336995657
100009348844669
100003843577322
622449342
100041861595358
100054618895023
100034930305696
100007303622842
100041741880235
100005078737241
100012492215556
100005680094126
100004668331334
100009219494186
100006215822719
100037189893943
1824503926
100017011120750
100003316546444
100011548950484
100007679883892
100001748794902
100001708612140
100001084648111
100007934558903
100004468063580
100007430232561
100013774654126
100000234867419
100040867041755
100007990278245
100010768693541
100001875409216
100007540788799
100002113050610
100006468583729
100013602349395
100000349328742
100011275680589
100015443970865
100050125718975
100008881417644
100004828422338
100005015882180
100019311758090
100001752939889
100022506996005
100004471603274
100004735863669
100000273189750
100029696886990
100014916129449
100003901411403
100000167243101
100027809992760
100011722110041
1633566731
100040940021921
100011968033405
100000107679803
